Aufnahmezeit;Stromstärke (A);Wirkleistung (W);Scheinleistung (W)
28-10-2022 17:23:00;0;0;0
28-10-2022 17:24:00;0;0;0
28-10-2022 17:25:00;0;0;0
28-10-2022 17:26:00;0;0;0
28-10-2022 17:27:00;0;0;0
28-10-2022 17:28:00;0,063;1,877967;14,4459
28-10-2022 17:29:00;0,197;20,327445;45,1721
28-10-2022 17:30:00;0,21;21,66885;48,153
28-10-2022 17:31:00;0,238;25,660684;54,5972
28-10-2022 17:32:00;0,263;29,562778;60,3322
28-10-2022 17:33:00;0,266;31,120404;61,0204
28-10-2022 17:34:00;0,251;29,365494;57,5794
28-10-2022 17:35:00;0,25;29,2485;57,35
28-10-2022 17:36:00;0,246;28,2285;56,457
28-10-2022 17:37:00;0,257;30,080565;58,9815
28-10-2022 17:38:00;0,251;29,391096;57,6296
28-10-2022 17:39:00;0,251;29,365494;57,5794
28-10-2022 17:40:00;0,253;29,599482;58,0382
28-10-2022 17:41:00;0,252;29,508192;57,8592
28-10-2022 17:42:00;0,273;31,995054;62,7354
28-10-2022 17:43:00;0,257;30,093672;59,0072
28-10-2022 17:44:00;0,254;29,755338;58,3438
28-10-2022 17:45:00;0,264;30,3072;60,6144
28-10-2022 17:46:00;0,269;30,263576;61,7624
28-10-2022 17:47:00;0,256;29,950464;58,7264
28-10-2022 17:48:00;0,26;31,0284;59,67
28-10-2022 17:49:00;0,258;30,210768;59,2368
28-10-2022 17:50:00;0,255;29,872485;58,5735
28-10-2022 17:51:00;0,247;28,34325;56,6865
28-10-2022 17:52:00;0,211;22,27527;48,4245
28-10-2022 17:53:00;0,063;5,78592;14,4648
28-10-2022 17:54:00;0,163;14,96992;37,4248
28-10-2022 17:55:00;0,163;14,96992;37,4248
28-10-2022 17:56:00;0,162;14,87808;37,1952
28-10-2022 17:57:00;0,163;14,96992;37,4248
28-10-2022 17:58:00;0,063;5,79096;14,4774
28-10-2022 17:59:00;0,218;22,51395;50,031
28-10-2022 18:00:00;0,258;28,408896;59,1852
28-10-2022 18:01:00;0,199;19,638315;45,6705
28-10-2022 18:02:00;0,184;17,73576;42,228
28-10-2022 18:03:00;0,167;15,3306;38,3265
28-10-2022 18:04:00;0,157;14,058408;36,0472
28-10-2022 18:05:00;0,063;5,499018;14,4711
28-10-2022 18:06:00;0,063;5,638815;14,4585
28-10-2022 18:07:00;0,063;5,641272;14,4648
28-10-2022 18:08:00;0,199;20,103776;45,6904
28-10-2022 18:09:00;0,173;16,292621;39,7381
28-10-2022 18:10:00;0,144;12,569184;33,0768
28-10-2022 18:11:00;0,063;5,643729;14,4711
28-10-2022 18:12:00;0,2;19,2948;45,94
28-10-2022 18:13:00;0,2;19,7628;45,96
28-10-2022 18:14:00;0,203;20,050513;46,6291
28-10-2022 18:15:00;0,207;20,911968;47,5272
28-10-2022 18:16:00;0,196;19,367544;45,0408
28-10-2022 18:17:00;0,199;20,130044;45,7501
28-10-2022 18:18:00;0,199;20,130044;45,7501
28-10-2022 18:19:00;0,211;21,829005;48,5089
28-10-2022 18:20:00;0,196;19,375972;45,0604
28-10-2022 18:21:00;0,191;18,881687;43,9109
28-10-2022 18:22:00;0,237;25,0746;54,51
28-10-2022 18:23:00;0,21;21,735;48,3
28-10-2022 18:24:00;0,212;21,93246;48,7388
28-10-2022 18:25:00;0,225;23,805;51,75
28-10-2022 18:26:00;0,218;22,563;50,14
28-10-2022 18:27:00;0,199;20,147556;45,7899
28-10-2022 18:28:00;0,191;18,458622;43,9491
28-10-2022 18:29:00;0,182;17,596488;41,8964
28-10-2022 18:30:00;0,191;18,898113;43,9491
28-10-2022 18:31:00;0,186;17,959788;42,7614
28-10-2022 18:32:00;0,192;18,9888;44,16
28-10-2022 18:33:00;0,199;19,215042;45,7501
28-10-2022 18:34:00;0,173;16,306807;39,7727
28-10-2022 18:35:00;0,063;5,5062;14,49
28-10-2022 18:36:00;0,063;5,503806;14,4837
28-10-2022 18:37:00;0,063;5,648643;14,4837
28-10-2022 18:38:00;0,063;5,6511;14,49
28-10-2022 18:39:00;0,063;5,5062;14,49
28-10-2022 18:40:00;0,063;5,5062;14,49
28-10-2022 18:41:00;0,143;12,509068;32,9186
28-10-2022 18:42:00;0,063;5,510988;14,5026
28-10-2022 18:43:00;0,063;5,3613;14,49
28-10-2022 18:44:00;0,143;12,4982;32,89
28-10-2022 18:45:00;0,194;18,2942;44,62
28-10-2022 18:46:00;0,251;26,544254;57,7049
28-10-2022 18:47:00;0,231;25,5024;53,13
28-10-2022 18:48:00;0,226;24,441222;52,0026
28-10-2022 18:49:00;0,222;23,9982;51,06
28-10-2022 18:50:00;0,222;24,008634;51,0822
28-10-2022 18:51:00;0,233;25,745568;53,6366
28-10-2022 18:52:00;0,224;24,235456;51,5648
28-10-2022 18:53:00;0,045;0,93231;10,359
28-10-2022 19:01:00;0;0;0







